20
25
1 1
16 2
13 3
3 2
4 1
16 3
5 7
11 5
14 1
2 3
6 11
21 11
8 3
7 6
21 2
9 2
13 16
1 10
13 16
6 18
2 6
14 8
21 8
16 9
5 15
21
25
11 1
13 1
10 2
17 3
15 3
10 5
17 1
6 8
12 8
20 6
1 11
18 10
7 1
21 1
1 2
10 9
13 7
3 12
19 3
4 8
8 16
14 5
19 18
14 20
17 21
22
25
4 1
7 2
23 2
17 1
1 3
22 5
4 4
16 1
14 2
5 8
5 4
13 10
21 10
10 5
22 13
15 6
12 9
5 6
21 17
4 8
12 3
8 15
3 12
19 19
21 1
23
25
5 1
8 2
19 3
4 4
9 1
23 4
21 5
23 2
9 8
7 4
21 11
10 7
1 8
5 8
7 5
4 11
18 14
23 12
23 10
3 4
3 3
14 19
3 17
24 9
3 18
24
25
15 1
25 2
3 2
19 1
8 5
15 2
16 1
7 4
18 4
10 1
17 9
22 9
19 13
15 6
13 13
23 13
25 11
13 11
3 11
5 15
11 8
1 1
23 16
13 19
25 24
25
25
24 1
1 2
19 2
22 4
13 5
16 1
9 7
3 1
9 8
3 4
15 4
15 6
7 3
21 8
23 2
13 9
20 8
17 8
24 11
15 13
20 4
12 22
24 2
9 6
23 25
26
25
1 1
10 1
20 1
8 1
13 5
6 2
15 6
20 2
1 1
17 9
16 1
21 6
16 4
23 1
3 7
1 9
6 4
8 4
26 14
12 15
16 15
19 21
19 17
22 11
16 23
27
25
27 1
26 2
25 2
11 3
25 5
1 5
11 5
19 4
10 7
11 3
21 8
16 4
13 12
6 5
25 13
16 6
11 9
25 15
6 15
13 18
19 18
7 17
5 13
3 6
15 11
28
25
21 1
2 2
4 3
23 3
18 2
7 4
8 1
11 1
10 8
25 5
6 1
5 12
1 5
26 12
4 9
28 2
12 11
10 5
11 13
23 14
20 8
3 9
24 7
19 5
4 8
29
25
12 1
21 2
13 2
1 3
17 1
16 3
6 4
14 8
20 7
17 8
19 6
17 10
12 4
17 1
26 13
15 6
7 15
2 8
30 18
12 19
7 9
17 18
5 3
18 23
23 12