25
20
21 1
9 2
22 1
18 3
9 4
26 3
11 2
1 4
18 6
19 8
12 6
13 4
25 2
16 1
8 12
4 7
2 7
7 17
26 18
8 18
25
21
18 1
25 2
23 1
19 4
14 1
6 2
21 1
25 4
6 6
22 10
19 8
20 8
11 2
9 13
12 6
18 6
7 11
18 13
17 5
1 1
22 17
25
22
3 1
21 2
21 1
1 2
8 4
14 1
24 3
17 4
10 8
26 9
19 2
22 2
5 4
16 3
26 12
2 11
11 7
24 10
10 13
12 7
8 9
4 11
25
23
6 1
11 2
23 3
23 1
9 1
5 2
22 7
13 3
26 7
16 2
9 4
17 10
1 9
4 4
14 4
20 3
8 14
7 17
3 4
1 9
17 8
8 3
18 13
25
24
8 1
4 1
23 1
11 2
11 4
20 6
6 5
24 2
15 1
16 9
24 9
12 1
11 4
11 14
22 12
9 9
17 9
13 2
20 10
2 9
7 4
12 5
2 20
24 10
25
25
20 1
15 2
4 3
20 4
15 1
1 4
15 6
17 7
14 9
1 10
4 5
1 11
15 7
6 2
9 5
3 6
19 16
6 1
16 9
20 14
17 19
14 13
23 7
20 13
25 18
25
26
8 1
25 2
22 3
18 1
5 3
23 1
22 1
10 6
15 7
10 6
17 6
5 11
9 1
23 7
22 13
19 16
13 6
5 16
17 10
11 12
9 14
24 11
22 9
24 15
25 25
24 8
25
27
17 1
13 1
15 3
9 4
6 4
3 2
6 6
6 8
7 2
3 9
9 3
12 9
21 3
20 1
23 14
11 13
11 2
6 10
12 17
18 20
11 20
15 3
9 18
13 22
9 9
9 12
11 23
25
28
15 1
13 2
23 2
14 4
12 4
19 2
21 4
6 8
20 9
17 6
17 9
12 9
15 9
20 2
22 2
20 2
17 11
19 15
4 17
1 11
7 13
3 9
23 19
16 18
8 16
1 13
25 4
4 17
25
29
19 1
18 2
26 1
10 4
24 5
14 4
22 3
8 1
18 6
25 10
2 4
12 8
23 10
5 8
9 3
3 10
18 11
1 7
16 14
24 11
25 3
3 10
9 21
15 8
13 11
17 3
26 21
14 17
17 27